Norway_000007.jpg,
Norway_000028.jpg, 1 1626 1410 136 111 1 2087 1867 225 315 1 1540 1194 52 57 1 1306 1245 30 35 1 1704 1438 50 81 1 1418 1212 48 57 1 1795 1736 150 287 1 1424 1531 34 75 1 1131 1199 118 79 1 1659 1567 89 130 1 1466 2009 34 62 1 1437 1348 67 81 1 1594 1389 85 106 
Norway_000034.jpg,
Norway_000039.jpg,
Norway_000044.jpg, 2 941 1731 1025 508 1 941 1731 1007 504 
Norway_000045.jpg, 2 1483 1549 579 44 
Norway_000058.jpg,
Norway_000074.jpg, 4 384 1962 162 122 3 1234 1829 206 413 2 1148 1443 469 40 1 481 1902 334 265 1 1065 1327 111 103 1 767 1622 305 282 3 1455 1353 220 174 1 1654 1852 85 337 1 1033 1366 129 136 1 180 1688 336 270 1 560 1842 347 354 1 1354 1277 38 98 1 1964 1925 126 205 1 1214 1191 150 106 1 1434 1199 44 70 3 1495 1726 336 636 1 1217 1852 176 346 
Norway_000079.jpg, 1 1770 1391 133 246 1 1728 1785 127 424 1 1408 1341 328 254 
Norway_000090.jpg, 1 308 1769 537 469 1 542 1385 380 231 1 819 1457 108 162 
Norway_000098.jpg,
Norway_000099.jpg, 1 1409 1147 38 57 1 1664 1903 129 271 1 1542 1299 81 231 1 1429 1723 154 586 
Norway_000101.jpg, 1 1586 1222 39 46 1 1623 1336 59 198 
Norway_000103.jpg, 1 1176 1247 283 209 
Norway_000116.jpg,
Norway_000134.jpg, 2 286 1918 557 64 
Norway_000147.jpg, 1 2139 1687 639 645 
Norway_000161.jpg,
Norway_000169.jpg,
Norway_000201.jpg,
Norway_000203.jpg,
Norway_000218.jpg, 1 657 1771 715 536 1 939 1821 328 433 
Norway_000231.jpg,
Norway_000254.jpg,
Norway_000276.jpg,
Norway_000285.jpg, 1 1873 1665 450 691 
Norway_000288.jpg, 1 1617 1759 275 553 
Norway_000299.jpg, 1 851 1208 147 78 1 1247 1272 70 128 1 1109 1142 38 57 2 1112 1971 209 100 1 912 1166 227 143 1 1455 1514 67 296 1 1255 1221 92 211 1 1043 1440 155 125 1 1657 1815 210 451 1 905 1367 257 223 1 213 1494 407 220 1 756 1664 214 299 
Norway_000305.jpg,
Norway_000308.jpg, 1 289 1660 348 211 
Norway_000314.jpg,
Norway_000321.jpg,
Norway_000325.jpg,
Norway_000331.jpg,
Norway_000342.jpg,
Norway_000343.jpg,
Norway_000368.jpg,
Norway_000386.jpg, 1 827 1572 697 669 1 508 1965 141 114 
Norway_000389.jpg,
Norway_000394.jpg, 1 898 1471 63 45 1 442 1454 407 182 1 1481 1487 45 67 1 1514 1325 52 94 1 346 1493 637 291 1 991 1342 272 201 
Norway_000407.jpg,
Norway_000438.jpg,
Norway_000444.jpg,
Norway_000470.jpg,
Norway_000473.jpg,
Norway_000481.jpg,
Norway_000496.jpg, 2 1068 1463 1647 135 
Norway_000503.jpg,
Norway_000509.jpg, 1 1879 1856 236 360 
Norway_000513.jpg,
Norway_000517.jpg,
Norway_000536.jpg,
Norway_000538.jpg,
Norway_000543.jpg,
Norway_000545.jpg, 1 730 1747 92 94 1 941 1219 228 106 1 1798 1299 217 182 1 316 1492 206 111 1 423 1984 44 102 1 719 1364 297 154 1 841 1841 141 165 
Norway_000553.jpg, 2 976 1461 1054 60 1 496 1474 130 93 1 781 1346 233 130 
Norway_000554.jpg,
Norway_000555.jpg, 1 1380 1281 75 116 1 720 1388 631 244 1 1410 1220 53 75 1 1398 1254 74 125 1 1371 1295 49 71 1 845 1314 344 162 1 1536 1353 89 273 1 474 1538 949 457 1 1296 1401 90 173 1 1058 1762 360 522 1 1488 1812 163 431 
Norway_000559.jpg,
Norway_000569.jpg,
Norway_000573.jpg, 2 1179 1852 556 141 1 1364 1389 100 297 1 1470 1762 110 369 
Norway_000574.jpg, 1 803 1708 553 614 1 1384 1839 114 402 
Norway_000587.jpg, 1 2024 1511 386 415 
Norway_000589.jpg,
Norway_000592.jpg,
Norway_000605.jpg,
Norway_000608.jpg,
Norway_000634.jpg,
Norway_000642.jpg,
Norway_000650.jpg,
Norway_000654.jpg, 1 1457 1532 173 327 
Norway_000664.jpg,
Norway_000669.jpg,
Norway_000687.jpg,
Norway_000702.jpg, 1 1420 1329 34 70 1 1342 1269 77 73 1 220 1496 333 201 1 1412 1374 45 154 1 1162 1214 77 89 1 383 1424 631 294 1 1438 1609 85 374 1 932 1385 137 133 
Norway_000705.jpg,
Norway_000712.jpg, 1 1476 1257 67 159 1 1468 1282 51 89 1 1573 1455 112 193 1 103 1674 207 202 1 1607 1805 159 458 
Norway_000716.jpg,
Norway_000717.jpg,
Norway_000718.jpg,
Norway_000724.jpg,
Norway_000729.jpg,
Norway_000730.jpg,
Norway_000751.jpg,
Norway_000758.jpg, 1 845 1757 159 160 1 822 1942 137 189 
Norway_000761.jpg,
Norway_000767.jpg, 1 103 1618 198 169 1 1915 1910 160 248 
Norway_000783.jpg,
Norway_000784.jpg,
Norway_000787.jpg,
Norway_000793.jpg,
Norway_000802.jpg,
Norway_000813.jpg,
Norway_000822.jpg, 2 2966 1963 523 143 
Norway_000823.jpg, 4 1341 1331 89 48 1 1568 1782 323 484 
Norway_000847.jpg,
Norway_000859.jpg, 3 1581 1621 456 840 
Norway_000863.jpg,
Norway_000906.jpg,
Norway_000925.jpg,
Norway_000927.jpg,
Norway_000951.jpg, 1 1570 1563 62 53 1 1579 1226 130 222 1 1766 1594 115 146 
Norway_000958.jpg, 1 570 1437 715 316 1 666 1695 813 608 
Norway_000963.jpg,
Norway_000975.jpg,
Norway_000982.jpg,
Norway_000994.jpg, 1 1944 1874 152 338 3 1899 1766 358 528 1 893 1967 64 130 
Norway_001038.jpg,
Norway_001051.jpg, 1 1107 1275 52 40 1 1119 1348 112 106 
Norway_001060.jpg, 2 1236 1360 271 60 2 1441 1238 209 54 1 1570 1327 41 89 1 1669 1451 78 152 1 1330 1191 59 46 
Norway_001070.jpg,
Norway_001071.jpg,
Norway_001073.jpg,
Norway_001075.jpg,
Norway_001090.jpg,
Norway_001098.jpg, 1 1707 1647 326 740 
Norway_001102.jpg, 2 97 1791 184 73 
Norway_001103.jpg,
Norway_001104.jpg,
Norway_001123.jpg, 1 597 1356 314 191 1 165 1531 321 164 1 66 1585 124 100 1 778 1465 337 98 1 235 1498 307 159 2 597 1599 913 119 1 135 1848 270 312 1 1466 1810 68 261 1 531 1394 266 171 1 1032 1264 72 168 1 1118 1649 97 189 3 1252 1366 280 228 1 1515 1958 52 150 1 677 1888 295 255 
Norway_001132.jpg,
Norway_001155.jpg,
Norway_001159.jpg, 1 1781 1632 626 721 
Norway_001169.jpg, 1 1184 1893 68 225 1 1348 1470 141 96 
Norway_001172.jpg,
Norway_001177.jpg,
Norway_001190.jpg, 1 1154 1541 79 96 1 831 1546 337 215 1 308 1603 571 296 1 487 1779 156 137 
Norway_001197.jpg, 1 1356 1703 109 374 
Norway_001198.jpg,
Norway_001206.jpg,
Norway_001216.jpg,
Norway_001217.jpg, 1 951 1306 97 57 
Norway_001221.jpg,
Norway_001225.jpg, 1 1336 1928 74 89 1 929 1270 175 107 1 587 1510 805 298 1 1659 1847 111 321 1 1502 1516 106 284 1 1342 1771 137 381 
Norway_001227.jpg,
Norway_001233.jpg,
Norway_001242.jpg, 1 995 1495 212 198 1 2793 1955 205 154 1 918 1587 89 73 1 603 1925 196 207 
Norway_001262.jpg,
Norway_001264.jpg,
Norway_001282.jpg,
Norway_001287.jpg,
Norway_001289.jpg,
Norway_001299.jpg, 1 2832 1875 319 152 
Norway_001305.jpg,
Norway_001307.jpg,
Norway_001322.jpg,
Norway_001326.jpg,
Norway_001331.jpg, 1 1591 1955 195 155 1 1210 1767 124 238 
Norway_001347.jpg,
Norway_001373.jpg,
Norway_001380.jpg, 1 755 1650 897 726 
Norway_001392.jpg,
Norway_001406.jpg,
Norway_001410.jpg,
Norway_001422.jpg, 1 1631 1701 263 668 3 1529 1327 140 206 3 1620 1649 275 764 
Norway_001447.jpg,
Norway_001458.jpg,
Norway_001463.jpg,
Norway_001475.jpg, 1 1233 1169 52 67 1 424 1423 444 211 2 1229 1709 1095 196 1 947 1439 419 329 
Norway_001494.jpg, 1 913 1752 187 400 1 616 1498 100 64 1 1072 1411 214 221 1 876 1650 119 155 1 967 1849 244 367 
Norway_001506.jpg,
Norway_001508.jpg,
Norway_001515.jpg,
Norway_001519.jpg, 1 996 1776 368 529 1 1292 1385 77 103 1 879 1938 124 166 1 1098 1669 470 682 1 1037 1275 224 125 
Norway_001520.jpg,
Norway_001532.jpg,
Norway_001534.jpg,
Norway_001537.jpg,
Norway_001550.jpg, 1 1896 1975 51 123 1 1587 1324 59 93 
Norway_001570.jpg,
Norway_001576.jpg, 1 2144 1765 195 194 1 1813 1391 218 278 
Norway_001586.jpg, 2 520 1606 927 71 
Norway_001600.jpg,
Norway_001604.jpg,
Norway_001620.jpg, 1 1468 1671 218 721 
Norway_001651.jpg,
Norway_001652.jpg,
Norway_001653.jpg, 2 516 1596 673 67 1 1952 1683 77 102 1 1412 1132 33 59 1 1332 1537 37 43 1 1919 1723 221 392 1 1959 1836 213 393 1 1843 1696 392 596 1 1677 1354 130 171 1 2122 1808 264 320 1 1191 1826 198 429 
Norway_001657.jpg, 1 1568 1671 478 723 
Norway_001664.jpg,
Norway_001681.jpg,
Norway_001683.jpg,
Norway_001684.jpg, 1 396 1942 182 159 
Norway_001685.jpg,
Norway_001686.jpg,
Norway_001690.jpg,
Norway_001691.jpg,
Norway_001692.jpg,
Norway_001714.jpg,
Norway_001717.jpg,
Norway_001736.jpg,
Norway_001740.jpg, 1 671 1473 773 429 1 192 1833 221 182 
Norway_001745.jpg,
Norway_001748.jpg,
Norway_001758.jpg, 1 261 1633 515 424 1 402 1481 234 173 1 340 1529 384 277 
Norway_001790.jpg,
Norway_001814.jpg,
Norway_001851.jpg,
Norway_001854.jpg,
Norway_001855.jpg,
Norway_001857.jpg,
Norway_001885.jpg, 2 1899 1911 653 153 1 901 1714 478 578 1 262 1735 525 518 
Norway_001892.jpg, 2 1479 1599 383 54 2 1933 1970 615 83 
Norway_001909.jpg,
Norway_001921.jpg, 1 895 1283 422 189 1 675 1367 629 232 
Norway_001929.jpg, 1 303 1602 575 302 
Norway_001939.jpg,
Norway_001945.jpg, 1 1303 1288 185 239 1 479 1448 225 194 1 1491 1705 294 521 
Norway_001947.jpg,
Norway_001954.jpg,
Norway_001956.jpg,
Norway_001989.jpg,
Norway_001993.jpg,
Norway_002000.jpg, 1 488 1484 523 186 
Norway_002004.jpg, 1 1362 1210 49 89 1 1158 1286 137 116 1 1575 1535 185 215 1 353 1815 589 362 1 1891 1806 352 469 1 1302 1312 128 106 2 1275 1623 370 133 2 1115 1862 194 291 2 837 1742 696 117 2 1200 1672 371 67 1 1597 1379 143 168 1 1519 1534 64 178 1 433 1478 261 144 1 1076 1591 106 196 1 1657 1583 79 157 1 190 1768 144 78 2 418 1849 814 248 1 679 1496 104 59 1 2045 1988 55 108 1 651 1706 172 147 1 279 1675 300 208 1 953 1466 183 178 1 1128 1874 191 309 
Norway_002008.jpg,
Norway_002012.jpg,
Norway_002031.jpg, 3 1774 1784 409 479 
Norway_002064.jpg, 1 1311 1255 61 130 1 1360 1389 45 48 1 816 1219 297 171 1 718 1278 359 181 2 1029 1557 1164 138 1 261 1491 427 208 
Norway_002065.jpg,
Norway_002076.jpg, 1 560 1849 88 94 
Norway_002090.jpg,
Norway_002106.jpg,
Norway_002119.jpg,
Norway_002140.jpg,
Norway_002165.jpg,
Norway_002168.jpg,
Norway_002174.jpg, 1 320 1571 488 214 
Norway_002179.jpg,
Norway_002188.jpg,
Norway_002192.jpg, 4 332 1983 182 116 
Norway_002196.jpg,
Norway_002198.jpg, 1 664 1282 283 128 1 1117 1198 45 59 1 599 1314 352 176 1 923 1187 165 57 1 509 1368 383 195 1 1065 1130 45 56 1 318 1495 613 317 1 1943 1800 326 418 1 1248 1269 86 152 
Norway_002209.jpg,
Norway_002217.jpg,
Norway_002243.jpg, 1 997 1286 251 153 1 1520 1212 57 157 2 1699 1853 651 64 1 1024 1384 300 339 
Norway_002252.jpg,
Norway_002255.jpg,
Norway_002298.jpg,
Norway_002305.jpg,
Norway_002333.jpg, 4 1910 1813 192 91 
Norway_002353.jpg, 1 1853 1799 145 446 
Norway_002362.jpg,
Norway_002385.jpg,
Norway_002389.jpg,
Norway_002394.jpg,
Norway_002401.jpg,
Norway_002407.jpg, 1 965 1782 154 383 
Norway_002418.jpg,
Norway_002421.jpg, 1 1872 1882 176 296 
Norway_002434.jpg, 1 782 1869 206 318 
Norway_002435.jpg, 1 1701 1692 99 101 1 756 1825 362 375 
Norway_002438.jpg,
Norway_002441.jpg,
Norway_002443.jpg,
Norway_002458.jpg,
Norway_002472.jpg,
Norway_002505.jpg,
Norway_002517.jpg,
Norway_002520.jpg,
Norway_002567.jpg,
Norway_002570.jpg,
Norway_002575.jpg, 1 1462 1158 157 73 1 835 1763 428 330 1 1224 1288 201 137 1 915 1679 353 321 1 616 1891 263 275 1 1660 1248 49 76 1 1463 1697 82 286 1 1432 1917 52 227 1 831 1370 331 187 
Norway_002582.jpg, 1 1592 1334 119 200 
Norway_002584.jpg,
Norway_002586.jpg,
Norway_002603.jpg, 1 1602 1194 49 73 
Norway_002606.jpg,
Norway_002653.jpg,
Norway_002661.jpg,
Norway_002670.jpg, 2 226 1600 453 72 1 663 1388 463 341 1 585 1747 214 342 
Norway_002677.jpg,
Norway_002680.jpg, 1 504 1942 184 182 1 799 1321 352 202 2 957 1642 561 206 1 1003 1376 82 64 1 20 1980 41 85 1 673 1365 496 227 1 561 1415 408 187 2 1182 1716 1258 91 1 134 1656 237 229 1 551 1903 290 229 1 891 1600 244 222 
Norway_002689.jpg,
Norway_002692.jpg, 1 2039 1639 711 786 
Norway_002712.jpg,
Norway_002717.jpg,
Norway_002735.jpg, 1 1104 1540 180 155 
Norway_002773.jpg,
Norway_002776.jpg,
Norway_002803.jpg,
Norway_002812.jpg, 1 1221 1271 61 46 1 1127 1181 35 43 2 1483 1359 367 43 2 674 1461 1018 89 1 1272 1371 114 198 1 1298 1341 78 140 1 1192 1244 79 86 1 1270 1765 221 549 1 629 1756 252 237 1 977 1579 301 201 
Norway_002819.jpg,
Norway_002820.jpg,
Norway_002837.jpg,
Norway_002842.jpg,
Norway_002874.jpg,
Norway_002885.jpg,
Norway_002901.jpg,
Norway_002903.jpg, 1 725 1664 881 674 1 1613 1686 185 636 
Norway_002907.jpg,
Norway_002917.jpg, 4 3711 1775 364 179 
Norway_002918.jpg, 1 1387 1134 39 57 1 1199 1261 144 128 1 1476 1238 55 100 
Norway_002927.jpg, 1 1488 1189 43 73 1 251 1570 446 265 
Norway_002940.jpg,
Norway_002947.jpg, 1 1490 1225 108 192 1 1518 1256 49 121 1 1451 1175 78 162 1 1467 1641 128 754 
Norway_002968.jpg, 1 482 1650 164 168 
Norway_002973.jpg, 1 1579 1207 132 155 
Norway_002975.jpg, 2 1057 1526 1585 134 
Norway_002978.jpg,
Norway_002983.jpg,
Norway_002984.jpg,
Norway_002989.jpg,
Norway_002990.jpg, 2 1051 1501 1643 96 
Norway_002992.jpg, 1 1291 1871 49 64 1 818 1258 239 152 1 1035 1289 225 159 1 1062 1206 212 205 1 352 1548 703 433 1 500 1666 881 646 1 1522 1640 159 761 
Norway_003001.jpg,
Norway_003014.jpg,
Norway_003032.jpg, 1 1552 1358 60 76 1 2160 1768 103 75 1 1983 1882 159 317 
Norway_003085.jpg,
Norway_003091.jpg, 1 521 1517 154 127 1 324 1698 280 202 1 358 1874 426 322 
Norway_003092.jpg, 1 1705 1996 34 84 1 399 1903 314 273 1 1639 1601 52 56 1 505 1824 473 433 1 1215 1293 312 232 1 1697 1470 34 106 
Norway_003127.jpg,
Norway_003157.jpg,
Norway_003178.jpg,
Norway_003186.jpg,
Norway_003187.jpg,
Norway_003189.jpg,
Norway_003210.jpg,
Norway_003223.jpg,
Norway_003234.jpg,
Norway_003272.jpg, 1 1006 1493 239 286 1 1827 1772 145 314 
Norway_003296.jpg,
Norway_003332.jpg,
Norway_003350.jpg,
Norway_003353.jpg,
Norway_003354.jpg,
Norway_003359.jpg, 1 1259 1213 180 100 1 349 1585 114 81 
Norway_003375.jpg, 1 985 1509 246 290 1 866 1306 176 141 1 1771 1549 126 198 1 1072 1421 422 452 1 621 1909 195 245 1 1563 1349 50 146 1 1344 1642 91 346 1 1679 1714 192 630 
Norway_003376.jpg, 1 2130 1691 436 542 1 1661 1547 216 766 1 2318 1913 227 193 
Norway_003391.jpg,
Norway_003404.jpg,
Norway_003417.jpg,
Norway_003420.jpg,
Norway_003426.jpg,
Norway_003427.jpg,
Norway_003431.jpg,
Norway_003448.jpg, 1 1705 1923 94 196 1 1593 1615 182 210 
Norway_003458.jpg,
Norway_003480.jpg,
Norway_003486.jpg, 1 1695 1380 163 236 1 1516 1186 95 207 1 1767 1687 245 395 
Norway_003500.jpg,
Norway_003505.jpg, 1 442 1609 712 776 
Norway_003516.jpg, 1 428 1442 683 270 
Norway_003521.jpg,
Norway_003554.jpg,
Norway_003568.jpg, 1 1376 1800 105 438 1 1356 1921 97 237 1 1673 1714 234 587 
Norway_003595.jpg,
Norway_003662.jpg, 2 154 1718 306 105 
Norway_003663.jpg,
Norway_003678.jpg, 1 159 1613 320 305 
Norway_003697.jpg, 1 1840 1697 575 591 
Norway_003707.jpg, 1 866 1212 39 60 1 244 1861 424 315 1 949 1244 36 60 1 224 1613 353 239 1 621 1378 260 144 1 1498 1841 152 328 1 1298 1329 82 146 
Norway_003722.jpg,
Norway_003731.jpg,
Norway_003738.jpg,
Norway_003743.jpg,
Norway_003747.jpg,
Norway_003766.jpg, 1 1834 1666 416 447 1 2007 1761 264 306 1 1735 1595 156 282 
Norway_003767.jpg, 3 1795 1646 484 787 1 1091 1607 603 852 
Norway_003773.jpg,
Norway_003792.jpg,
Norway_003803.jpg, 1 1573 1831 142 390 
Norway_003835.jpg,
Norway_003846.jpg,
Norway_003851.jpg, 2 1015 1802 2029 134 
Norway_003872.jpg,
Norway_003875.jpg,
Norway_003882.jpg, 1 1482 1339 177 267 1 950 1592 541 699 
Norway_003886.jpg,
Norway_003894.jpg, 1 1313 1676 177 734 
Norway_003901.jpg,
Norway_003909.jpg,
Norway_003913.jpg,
Norway_003933.jpg,
Norway_003945.jpg, 1 424 1462 521 230 1 2155 1849 390 377 1 1649 1841 51 103 1 662 1703 388 328 
Norway_003946.jpg,
Norway_003979.jpg, 1 712 1726 184 327 
Norway_003984.jpg,
Norway_003991.jpg, 1 1554 1789 63 98 1 1883 1885 149 239 2 994 1674 1989 155 
Norway_003993.jpg,
Norway_003999.jpg,
Norway_004015.jpg,
Norway_004030.jpg,
Norway_004050.jpg, 1 1114 1330 72 89 1 500 1438 577 267 1 1140 1311 132 132 1 1431 1171 39 89 1 1212 1539 175 313 1 341 1847 486 342 
Norway_004060.jpg,
Norway_004071.jpg,
Norway_004092.jpg, 1 845 1627 57 78 1 1533 1208 45 94 2 806 1770 1603 117 1 1414 1233 45 89 1 1457 1137 34 60 1 1532 1634 165 819 1 957 1506 272 286 
Norway_004096.jpg,
Norway_004097.jpg, 1 1931 1881 218 302 
Norway_004106.jpg, 2 1275 1431 282 138 1 1437 1606 67 239 1 965 1741 333 570 1 1436 1324 74 100 1 853 1890 166 266 1 1651 1857 38 143 1 1524 1304 74 136 1 1532 1529 143 279 1 324 1722 606 371 1 1546 1884 97 315 1 888 1815 239 430 1 387 1943 184 163 
Norway_004124.jpg, 1 1656 1615 556 806 
Norway_004128.jpg,
Norway_004141.jpg,
Norway_004143.jpg,
Norway_004148.jpg,
Norway_004150.jpg,
Norway_004157.jpg,
Norway_004158.jpg, 1 1193 1160 161 52 
Norway_004167.jpg,
Norway_004178.jpg,
Norway_004192.jpg, 1 969 1359 269 398 
Norway_004195.jpg,
Norway_004203.jpg,
Norway_004207.jpg,
Norway_004220.jpg,
Norway_004224.jpg, 1 1533 1330 59 215 1 258 1563 140 62 
Norway_004239.jpg,
Norway_004250.jpg,
Norway_004277.jpg,
Norway_004300.jpg, 1 931 1876 213 287 
Norway_004304.jpg,
Norway_004322.jpg, 1 1799 1752 68 150 1 1302 1260 85 82 1 1654 1631 229 758 
Norway_004326.jpg, 1 1525 1178 63 78 1 1604 1444 42 81 1 1604 1431 27 56 1 1602 1516 50 62 1 1682 1731 136 253 
Norway_004327.jpg,
Norway_004341.jpg, 2 321 1493 536 45 
Norway_004346.jpg,
Norway_004354.jpg, 1 448 1726 817 549 
Norway_004360.jpg,
Norway_004364.jpg,
Norway_004365.jpg,
Norway_004371.jpg,
Norway_004396.jpg,
Norway_004400.jpg,
Norway_004413.jpg,
Norway_004421.jpg,
Norway_004424.jpg,
Norway_004434.jpg,
Norway_004444.jpg, 1 3832 1687 339 517 
Norway_004446.jpg, 1 1118 1208 96 174 
Norway_004461.jpg,
Norway_004474.jpg,
Norway_004481.jpg,
Norway_004489.jpg,
Norway_004497.jpg,
Norway_004510.jpg,
Norway_004516.jpg,
Norway_004524.jpg,
Norway_004527.jpg, 2 713 1848 531 114 2 460 1774 919 202 
Norway_004531.jpg, 1 2358 1850 422 369 1 937 1501 120 103 
Norway_004536.jpg,
Norway_004544.jpg,
Norway_004549.jpg,
Norway_004553.jpg,
Norway_004557.jpg,
Norway_004563.jpg,
Norway_004571.jpg, 1 1622 1812 153 455 1 1599 1669 236 716 
Norway_004583.jpg,
Norway_004586.jpg,
Norway_004621.jpg,
Norway_004631.jpg,
Norway_004638.jpg, 1 583 1643 537 432 
Norway_004645.jpg,
Norway_004647.jpg, 1 464 1819 482 415 1 1791 1680 216 351 
Norway_004674.jpg, 1 1627 1234 59 187 1 532 1848 440 363 3 1675 1478 268 304 
Norway_004691.jpg,
Norway_004694.jpg,
Norway_004702.jpg, 1 1865 1632 641 674 
Norway_004704.jpg, 2 1593 1520 378 125 1 1039 1397 218 230 
Norway_004708.jpg, 1 1601 1696 212 528 1 1727 1947 60 181 1 1503 1972 84 144 
Norway_004714.jpg, 1 1400 1101 29 49 1 744 1297 286 152 
Norway_004728.jpg, 1 382 1640 764 746 
Norway_004732.jpg,
Norway_004744.jpg, 1 1669 1741 128 381 
Norway_004761.jpg, 1 292 1876 347 291 1 128 1573 247 237 1 1354 1848 90 327 1 1877 1838 226 405 1 801 1887 212 281 
Norway_004781.jpg,
Norway_004789.jpg,
Norway_004798.jpg,
Norway_004800.jpg,
Norway_004804.jpg,
Norway_004809.jpg,
Norway_004816.jpg,
Norway_004822.jpg, 1 246 1433 464 291 
Norway_004827.jpg,
Norway_004845.jpg,
Norway_004856.jpg, 1 688 1344 667 233 
Norway_004865.jpg,
Norway_004868.jpg, 1 1392 1680 281 720 
Norway_004888.jpg, 1 1720 1593 571 869 1 897 1604 833 872 
Norway_004907.jpg,
Norway_004909.jpg,
Norway_004914.jpg,
Norway_004919.jpg,
Norway_004937.jpg,
Norway_004960.jpg,
Norway_004965.jpg,
Norway_004976.jpg,
Norway_004981.jpg, 2 955 1422 1589 94 
Norway_005002.jpg,
Norway_005003.jpg,
Norway_005005.jpg,
Norway_005011.jpg,
Norway_005014.jpg,
Norway_005023.jpg,
Norway_005027.jpg,
Norway_005035.jpg,
Norway_005036.jpg,
Norway_005063.jpg,
Norway_005065.jpg,
Norway_005068.jpg, 1 1044 1928 131 211 1 1548 1958 57 166 1 1587 1696 131 585 1 1904 1779 264 478 1 1981 1575 222 232 
Norway_005096.jpg,
Norway_005102.jpg,
Norway_005136.jpg,
Norway_005150.jpg,
Norway_005164.jpg,
Norway_005174.jpg,
Norway_005176.jpg, 1 2079 1893 263 270 1 1909 1884 156 303 
Norway_005185.jpg,
Norway_005190.jpg,
Norway_005202.jpg,
Norway_005216.jpg,
Norway_005221.jpg, 1 2059 1900 238 244 1 1758 1337 125 175 3 1915 1588 250 276 
Norway_005231.jpg, 1 620 1465 200 182 1 481 1721 801 579 
Norway_005241.jpg,
Norway_005242.jpg, 4 928 1415 258 166 3 1733 1910 286 249 3 1429 1240 198 116 3 1068 1375 319 187 3 1636 1858 501 319 3 1573 1371 235 157 3 928 1427 326 179 3 1374 1261 188 103 1 1998 1908 139 241 3 993 1774 720 522 
Norway_005243.jpg,
Norway_005247.jpg,
Norway_005253.jpg, 3 1531 1442 231 205 
Norway_005266.jpg, 1 1961 1857 64 121 1 1675 1569 52 144 2 1810 1692 184 102 1 1507 1777 242 236 2 1513 1766 272 240 1 1654 1546 93 182 1 1246 1971 46 135 1 1488 1410 196 228 1 1741 1445 67 124 
Norway_005281.jpg,
Norway_005291.jpg,
Norway_005304.jpg, 1 717 1678 586 641 
Norway_005308.jpg,
Norway_005311.jpg, 1 152 1621 292 210 1 293 1538 541 291 
Norway_005312.jpg,
Norway_005316.jpg,
Norway_005317.jpg,
Norway_005326.jpg, 1 2239 1910 300 224 
Norway_005329.jpg,
Norway_005345.jpg, 1 741 1456 297 218 3 1331 1140 122 154 1 450 1663 369 299 1 958 1944 52 114 3 1100 1625 639 333 3 1392 1278 348 249 1 815 1996 57 78 1 1741 1903 108 281 
Norway_005348.jpg,
Norway_005351.jpg, 1 1963 1526 148 168 1 1594 1234 76 109 1 1713 1571 207 308 
Norway_005372.jpg, 1 1819 1777 334 484 
Norway_005377.jpg,
Norway_005389.jpg,
Norway_005412.jpg,
Norway_005425.jpg,
Norway_005430.jpg,
Norway_005448.jpg, 1 1785 1623 586 771 
Norway_005451.jpg, 2 1102 1738 331 95 1 1623 1593 162 325 2 1170 1742 544 149 1 998 1469 377 357 2 1365 1760 373 157 2 1085 1806 382 190 
Norway_005455.jpg,
Norway_005468.jpg, 4 1418 1602 170 67 
Norway_005491.jpg,
Norway_005494.jpg,
Norway_005499.jpg, 1 364 1654 453 332 
Norway_005503.jpg, 3 368 1794 644 474 
Norway_005506.jpg, 1 227 1883 196 134 
Norway_005509.jpg, 1 1188 1179 56 57 2 950 1473 1526 97 
Norway_005517.jpg,
Norway_005522.jpg,
Norway_005546.jpg,
Norway_005549.jpg, 1 277 1472 500 278 1 499 1322 160 112 1 1037 1195 129 80 1 716 1651 494 767 
Norway_005552.jpg,
Norway_005593.jpg,
Norway_005600.jpg, 1 1725 1725 470 589 1 1461 1295 120 261 
Norway_005607.jpg,
Norway_005613.jpg, 1 283 1487 516 275 
Norway_005616.jpg,
Norway_005620.jpg,
Norway_005621.jpg,
Norway_005638.jpg,
Norway_005674.jpg,
Norway_005676.jpg,
Norway_005689.jpg, 1 1440 1228 136 76 2 1418 1229 158 67 1 1586 1137 75 78 1 1243 1341 82 185 1 1651 1309 89 127 1 1222 1609 184 378 1 1705 1963 78 146 
Norway_005703.jpg,
Norway_005704.jpg, 1 1468 1764 97 280 2 331 1893 661 157 
Norway_005706.jpg,
Norway_005709.jpg,
Norway_005714.jpg,
Norway_005735.jpg, 1 1798 1636 496 805 
Norway_005736.jpg,
Norway_005743.jpg, 1 618 1378 315 184 
Norway_005770.jpg,
Norway_005783.jpg,
Norway_005790.jpg,
Norway_005794.jpg, 1 446 1444 230 121 1 928 1403 255 198 1 1628 1417 105 221 
Norway_005796.jpg,
Norway_005799.jpg,
Norway_005802.jpg,
Norway_005803.jpg, 1 837 1266 333 146 1 772 1329 375 220 1 307 1515 494 262 1 1205 1239 84 98 1 315 1788 590 493 
Norway_005809.jpg,
Norway_005817.jpg,
Norway_005824.jpg,
Norway_005825.jpg,
Norway_005828.jpg, 4 3072 1217 176 62 1 1948 1899 137 270 
Norway_005831.jpg, 1 1393 1872 172 327 
Norway_005854.jpg,
Norway_005856.jpg, 1 1805 1622 478 765 
Norway_005857.jpg, 1 1482 1900 100 259 
Norway_005861.jpg, 1 1254 1156 53 64 1 992 1700 458 635 
Norway_005865.jpg,
Norway_005880.jpg,
Norway_005888.jpg,
Norway_005891.jpg,
Norway_005892.jpg,
Norway_005901.jpg,
Norway_005905.jpg,
Norway_005920.jpg,
Norway_005922.jpg,
Norway_005933.jpg,
Norway_005955.jpg, 1 1104 1291 205 263 1 612 1804 613 399 1 1366 1658 212 760 1 1212 1720 434 526 1 1190 1358 188 360 1 547 1655 781 674 
Norway_005970.jpg, 1 569 1373 244 123 1 1427 1277 51 59 
Norway_005974.jpg, 1 346 1719 691 552 
Norway_006002.jpg, 1 1567 1805 95 444 1 1717 1772 156 448 
Norway_006005.jpg, 1 407 1921 90 106 1 1105 1246 34 73 1 604 1722 89 76 
Norway_006019.jpg,
Norway_006026.jpg,
Norway_006049.jpg, 1 1673 1546 152 200 1 933 1646 583 783 1 715 1857 316 365 1 1318 1264 89 206 1 945 1262 239 240 1 1134 1793 253 465 
Norway_006052.jpg, 1 2879 1587 292 148 
Norway_006056.jpg, 1 1772 1355 84 121 1 1979 1527 346 310 1 1468 1399 162 335 
Norway_006057.jpg,
Norway_006106.jpg, 4 963 1178 126 75 3 241 1668 483 417 3 747 1795 537 480 
Norway_006109.jpg,
Norway_006117.jpg,
Norway_006123.jpg,
Norway_006128.jpg,
Norway_006134.jpg, 1 886 1693 251 629 
Norway_006136.jpg,
Norway_006139.jpg,
Norway_006158.jpg, 2 498 1659 997 107 1 1208 1330 109 114 1 859 1918 145 217 
Norway_006161.jpg,
Norway_006162.jpg,
Norway_006178.jpg, 1 1356 1494 86 192 1 725 1323 389 135 1 1395 1310 108 174 1 1226 1290 78 119 1 831 1339 272 130 1 366 1548 630 303 1 1373 1434 115 292 1 1168 1685 221 629 
Norway_006182.jpg,
Norway_006198.jpg,
Norway_006217.jpg, 1 1685 1556 186 235 1 1885 1591 178 214 2 1060 1683 1947 107 1 1629 1339 186 220 
Norway_006251.jpg,
Norway_006262.jpg,
Norway_006300.jpg,
Norway_006303.jpg,
Norway_006305.jpg,
Norway_006313.jpg,
Norway_006332.jpg,
Norway_006345.jpg,
Norway_006360.jpg, 1 1441 1474 35 45 1 1375 1416 38 65 1 1476 1292 38 60 1 1341 1768 162 485 1 1507 1938 67 211 
Norway_006364.jpg,
Norway_006369.jpg,
Norway_006374.jpg,
Norway_006388.jpg,
Norway_006392.jpg, 1 1917 1749 333 549 1 1963 1865 192 313 1 1719 1418 173 333 1 775 1317 495 246 1 1516 1217 66 103 
Norway_006418.jpg, 1 1402 1110 85 78 1 933 1291 435 231 1 747 1748 489 547 
Norway_006427.jpg,
Norway_006434.jpg,
Norway_006437.jpg,
Norway_006439.jpg, 1 1202 1989 45 82 1 1703 1338 108 258 1 1835 1833 156 395 
Norway_006441.jpg,
Norway_006456.jpg,
Norway_006465.jpg,
Norway_006468.jpg,
Norway_006484.jpg, 2 974 1492 1645 98 
Norway_006495.jpg,
Norway_006498.jpg,
Norway_006506.jpg, 1 1321 1305 131 93 1 1569 1688 269 646 
Norway_006507.jpg, 1 443 1976 77 102 3 1130 1356 323 243 3 1497 1558 257 570 3 846 1632 695 595 
Norway_006517.jpg, 1 659 1385 132 65 1 1624 1644 57 70 1 1050 1537 88 87 1 974 1641 52 56 1 1681 1802 106 195 
Norway_006525.jpg,
Norway_006531.jpg,
Norway_006554.jpg, 2 1288 1704 1025 111 2 1031 1675 1570 138 
Norway_006564.jpg,
Norway_006569.jpg,
Norway_006573.jpg,
Norway_006576.jpg,
Norway_006582.jpg,
Norway_006612.jpg,
Norway_006624.jpg, 1 644 1195 311 126 
Norway_006625.jpg,
Norway_006626.jpg,
Norway_006638.jpg, 1 1768 1333 78 84 1 1548 1156 85 140 1 2083 1804 369 332 1 1734 1449 194 333 1 1426 1633 104 771 1 2183 1772 184 223 1 1974 1865 169 341 
Norway_006658.jpg, 1 1516 1699 40 107 1 1101 1877 333 287 1 1290 1360 67 127 2 1707 1720 388 39 1 217 1968 265 121 1 400 1524 422 178 1 286 1852 514 338 1 1015 1249 159 144 2 753 1876 248 87 1 1755 1581 73 103 1 1154 1682 394 646 1 1557 1620 100 253 1 347 1696 653 485 1 1402 1280 111 234 1 1611 1891 80 291 
Norway_006662.jpg,
Norway_006667.jpg,
Norway_006679.jpg,
Norway_006680.jpg, 1 1262 1872 130 293 1 1001 1562 269 260 1 709 1863 236 323 
Norway_006688.jpg,
Norway_006690.jpg,
Norway_006699.jpg,
Norway_006716.jpg,
Norway_006751.jpg, 1 957 1628 645 756 
Norway_006773.jpg,
Norway_006776.jpg,
Norway_006782.jpg,
Norway_006792.jpg,
Norway_006797.jpg,
Norway_006800.jpg, 1 2084 1704 515 606 
Norway_006816.jpg,
Norway_006839.jpg, 1 910 1376 177 289 1 719 1682 75 150 
Norway_006849.jpg, 1 1728 1633 646 756 
Norway_006854.jpg, 1 1631 1620 577 786 
Norway_006855.jpg,
Norway_006885.jpg,
Norway_006890.jpg,
Norway_006901.jpg,
Norway_006903.jpg,
Norway_006915.jpg,
Norway_006916.jpg,
Norway_006923.jpg, 1 1254 2005 45 73 1 977 1405 227 141 1 1259 1816 45 122 1 523 1697 403 371 1 1372 1774 158 286 1 1620 1989 42 100 1 1343 1541 66 278 1 1341 1757 118 173 1 1490 1811 125 423 3 1418 1307 180 326 1 1201 1611 42 111 
Norway_006925.jpg,
Norway_006937.jpg, 1 1679 1802 132 437 
Norway_006941.jpg, 3 1963 1767 458 501 
Norway_006944.jpg,
Norway_006955.jpg,
Norway_006956.jpg,
Norway_006972.jpg, 2 1138 1827 1813 123 1 1105 1448 351 295 1 418 1943 251 189 
Norway_006975.jpg,
Norway_006979.jpg,
Norway_006991.jpg,
Norway_006995.jpg,
Norway_006998.jpg,
Norway_007035.jpg, 4 187 1442 348 173 
Norway_007046.jpg,
Norway_007048.jpg,
Norway_007054.jpg,
Norway_007069.jpg,
Norway_007070.jpg,
Norway_007090.jpg, 1 499 1514 446 212 1 394 1565 334 184 1 1729 1352 87 187 1 636 1464 255 182 1 891 1902 206 262 1 922 1401 202 148 1 189 1830 368 381 1 1733 1789 232 492 1 833 1620 128 262 1 1454 1430 181 328 1 1988 1600 276 329 
Norway_007094.jpg, 1 951 1396 307 259 1 1151 1287 80 69 1 564 1638 793 576 
Norway_007107.jpg,
Norway_007116.jpg, 1 712 1372 257 122 1 220 1597 406 236 1 1236 1217 45 43 1 1102 1364 194 219 
Norway_007121.jpg, 1 849 1760 105 101 
Norway_007147.jpg,
Norway_007148.jpg, 1 1497 1250 46 51 1 1404 1292 45 43 1 1067 1220 147 79 1 1030 1245 195 108 1 1259 1216 46 65 1 1433 1181 41 65 1 1482 1419 63 89 1 951 1505 88 83 
Norway_007152.jpg,
Norway_007155.jpg,
Norway_007162.jpg,
Norway_007168.jpg, 1 485 1449 458 196 
Norway_007176.jpg,
Norway_007178.jpg,
Norway_007192.jpg,
Norway_007207.jpg, 3 152 1791 304 341 
Norway_007224.jpg, 2 1052 1526 1557 100 
Norway_007226.jpg,
Norway_007238.jpg,
Norway_007242.jpg,
Norway_007267.jpg, 1 2118 1840 124 281 1 2111 1765 186 415 1 833 1385 384 232 1 59 1942 88 187 
Norway_007270.jpg, 1 1535 1136 46 76 1 1559 1245 41 108 
Norway_007273.jpg,
Norway_007276.jpg,
Norway_007285.jpg,
Norway_007303.jpg,
Norway_007310.jpg, 2 1733 1544 673 143 
Norway_007311.jpg,
Norway_007342.jpg,
Norway_007343.jpg,
Norway_007365.jpg, 2 794 1842 1538 84 
Norway_007370.jpg,
Norway_007379.jpg, 1 1220 1265 121 152 
Norway_007381.jpg,
Norway_007392.jpg, 1 1576 1490 189 224 
Norway_007396.jpg,
Norway_007408.jpg, 1 1274 1426 134 141 2 480 1853 432 278 1 439 1441 289 130 1 1594 1672 90 117 1 1432 1224 37 97 2 328 1772 657 84 1 1188 1776 33 46 1 958 1735 85 119 1 1297 1447 49 160 1 366 1557 101 59 1 1496 1380 59 149 2 312 1849 625 168 1 1495 1414 52 76 2 312 1680 625 84 2 211 1915 422 59 1 68 1638 126 89 1 753 1773 137 117 1 1483 1858 103 355 1 1184 1233 92 92 1 1312 1422 61 173 1 849 1282 163 100 1 1127 1414 129 103 1 1028 1385 111 95 1 842 1920 126 210 1 1248 1694 63 173 1 518 1863 333 340 1 1109 1534 88 89 
Norway_007418.jpg,
Norway_007419.jpg,
Norway_007430.jpg,
Norway_007437.jpg,
Norway_007451.jpg,
Norway_007461.jpg,
Norway_007477.jpg,
Norway_007492.jpg,
Norway_007506.jpg,
Norway_007511.jpg,
Norway_007524.jpg, 1 1653 1844 282 363 3 1514 1649 615 733 1 2048 1769 154 253 1 1334 1769 419 467 
Norway_007535.jpg, 3 1515 1455 148 206 
Norway_007560.jpg,
Norway_007563.jpg,
Norway_007575.jpg,
Norway_007581.jpg,
Norway_007614.jpg,
Norway_007622.jpg, 1 1549 1282 89 241 1 1525 1242 52 140 1 1828 1938 84 208 1 1729 1715 63 124 
Norway_007627.jpg,
Norway_007629.jpg, 1 1536 1246 45 60 1 3540 1599 197 883 
Norway_007641.jpg, 1 1537 1629 132 830 
Norway_007652.jpg,
Norway_007654.jpg,
Norway_007670.jpg,
Norway_007677.jpg,
Norway_007684.jpg,
Norway_007685.jpg,
Norway_007754.jpg,
Norway_007761.jpg,
Norway_007783.jpg,
Norway_007797.jpg, 1 325 1491 584 240 2 684 1583 608 78 1 777 1282 312 174 1 130 1562 261 190 1 461 1431 429 193 
Norway_007816.jpg,
Norway_007834.jpg,
Norway_007836.jpg,
Norway_007848.jpg, 1 2051 1688 597 654 
Norway_007852.jpg,
Norway_007853.jpg,
Norway_007857.jpg,
Norway_007861.jpg,
Norway_007866.jpg,
Norway_007871.jpg, 1 899 1333 260 189 1 594 1647 535 410 
Norway_007880.jpg,
Norway_007891.jpg,
Norway_007896.jpg,
Norway_007900.jpg,
Norway_007901.jpg,
Norway_007910.jpg,
Norway_007919.jpg, 1 2049 1936 93 191 1 1583 1202 78 132 1 1917 1835 116 260 1 1741 1629 137 240 1 844 1893 268 271 
Norway_007922.jpg,
Norway_007934.jpg, 1 966 1548 526 519 1 597 1786 752 465 1 797 1657 1019 730 
Norway_007951.jpg, 1 1507 1449 170 427 
Norway_007963.jpg,
Norway_007964.jpg, 1 1276 1192 63 52 1 618 1806 471 451 1 780 1655 771 716 
Norway_007972.jpg,
Norway_007974.jpg,
Norway_007979.jpg, 1 1576 1183 85 105 1 1592 1329 63 122 
Norway_007990.jpg,
Norway_008002.jpg,
Norway_008006.jpg,
Norway_008016.jpg,
Norway_008041.jpg,
Norway_008059.jpg,
Norway_008072.jpg,
Norway_008094.jpg,
Norway_008111.jpg,
Norway_008112.jpg,
Norway_008142.jpg,
Norway_008145.jpg, 1 1760 1777 225 475 
